BANCO DO BRASIL - 240             | 0,3 | 7,1 | 157,6  | 143,2 | 145,2 | 147,4 | 13,1 |      |      |      | 37,17 |       | 44,10 | 0,240 | 13,1 | 77,15   | 137,2 | 139,2 | 141,4 | 145,2 | 147,2 | 149,4 | 44,10 |      | 15,2  |
CAIXA ECONÔMICA SICOB - 240       | 0,3 | 7,1 | 157,6  | 143,2 | 145,2 | 147,4 | 13,1 |      |      |      | 46,10 |       | 51,5  | 0,240 | 13,1 | 77,15   | 137,2 | 139,2 | 141,4 | 145,2 | 147,2 | 149,4 | 51,5  |      | 15,2  |
CAIXA ECONÔMICA SIGCB - 240       | 0,3 | 7,1 | 157,6  | 143,2 | 145,2 | 147,4 | 13,1 | 39,2 | 38,2 | 39,3 | 39,17 | 38,18 | 51,5  | 0,240 | 13,1 | 77,15   | 137,2 | 139,2 | 141,4 | 145,2 | 147,2 | 149,4 | 51,5  |      | 15,2  |
BANCO REAL - 240                  | 0,3 | 7,1 | 157,6  | 143,2 | 145,2 | 147,4 | 13,1 |      |      |      | 44,13 |       |       | 0,240 | 13,1 | 77,15   | 137,2 | 139,2 | 141,4 | 145,2 | 147,2 | 149,4 |       |      | 15,2  |
BANCO DO NORDESTE - 240           | 0,3 | 7,1 | 157,6  | 143,2 | 145,2 | 147,4 | 13,1 |      |      |      | 37,20 |       | 51,5  | 0,240 | 13,1 | 77,15   | 137,2 | 139,2 | 141,4 | 145,2 | 147,2 | 149,4 | 51,5  |      | 15,2  |
BANCO SANTANDER - 240             |     | 7,1 | 157,6  | 143,2 | 145,2 | 147,4 | 13,1 |      |      |      | 40,13 |       | 40,13 | 0,240 | 13,1 | 77,15   | 137,2 | 139,2 | 141,4 | 145,2 | 147,2 | 149,4 | 40,13 |      | 15,2  |
BANCO DO BRASIL - 400             |     | 0,1 | 101,6  | 94,2  | 96,2  | 98,2  |      |      |      |      | 62,18 |       | 75,5  | 0,240 |      | 253,13  | 110,2 | 112,2 | 114,2 | 175,2 | 177,2 | 179,2 | 75,5  |      | 108,2 |
BANCO REAL - 400                  |     | 0,1 | 108,8  | 94,2  | 96,2  | 98,2  |      |      |      |      | 64,7  |       |       | 0,240 |      | 253,13  | 110,2 | 112,2 | 114,2 | 295,2 | 297,2 | 299,2 |       |      | 108,2 |
BANCO BRADESCO SEM REGISTRO - 400 |     | 0,1 |  108,5 | 94,2  | 96,2  | 98,2  |      |      |      |      | 70,12 |       |       | 0,240 |      |  253,13 | 110,2 | 112,2 | 114,2 | 295,2 | 297,2 | 299,2 |       | 81,1 | 108,2 |
BANCO DO NORDESTE - 400           |     | 0,1 |  108,5 | 94,2  | 96,2  | 98,2  |      |      |      |      | 62,7  |       |       | 0,240 |      |  253,13 | 110,2 | 112,2 | 114,2 | 120,2 | 122,2 | 124,2 |       |      | 108,2 |
BANCO ITAU - 400                  |     | 0,1 | 108,5  | 94,2  | 96,2  | 98,2  |      |      |      |      | 62,8  |       |       | 0,240 |      |  253,13 | 110,2 | 112,2 | 114,2 | 295,2 | 297,2 | 299,2 |       |      | 108,2 |
BANCO HSBC - 400                  |     | 0,1 | 389,5  | 94,2  | 96,2  | 98,2  |      |      |      |      | 62,11 |       |       | 0,240 |      |  253,13 | 110,2 | 112,2 | 114,2 | 120,2 | 122,2 | 124,2 |       |      | 108,2 |
BIC - BANCO - 400                 |     | 0,1 | 108,7  | 94,2  | 96,2  | 98,2  |      |      |      |      | 63,6  |       |       | 0,240 |      |  253,13 | 110,2 | 112,2 | 114,2 | 110,2 | 112,2 | 114,2 |       |      | 108,2 |
PAG CONTAS - 240                  |     | 0,1 | 73,6   | 71,2  | 69,2  | 65,4  |      |      |      |      | 70,11 |       | 74,5  | 0,240 |      | 81,12   | 27,2  | 25,2  | 21,4  | 35,2  | 33,2  | 29,4  |       |      |       |
